1248
6148.015 -3329.688 31.624 0
6144.615 -3335.388 31.9493 0
6143.235 -3336.888 32.15 0
6141.805 -3338.138 32.3307 0
6138.815 -3340.378 32.7167 0
6135.995 -3342.208 33.058 0
6132.545 -3344.308 33.453 0
6130.235 -3345.508 33.6942 0
6127.135 -3347.098 33.993 0
6123.425 -3348.858 34.3177 0
6119.855 -3350.508 34.5675 0
6116.585 -3352.058 34.7594 0
6113.035 -3353.718 34.9266 0
6109.666 -3355.418 35.027 0
6106.065 -3357.398 35.0939 0
6102.655 -3359.338 35.1205 0
6099.505 -3361.358 35.1178 0
6096.305 -3363.468 35.0914 0
6093.285 -3365.779 35.046 0
6090.565 -3367.948 34.9928 0
6087.825 -3370.428 34.9276 0
6084.685 -3373.368 34.8495 0
6082.205 -3375.998 34.7875 0
6079.725 -3378.628 34.7323 0
6077.985 -3380.598 34.6959 0
6073.565 -3388.728 34.4572 0
6072.175 -3397.808 34.0309 0
6072.895 -3409.368 33.3805 0
6075.215 -3419.779 32.7399 0
6075.595 -3421.638 32.6256 0
6076.666 -3425.268 32.3976 0
6078.755 -3432.388 31.9491 0
6079.905 -3435.868 31.7328 0
6081.675 -3441.158 31.4069 0
6085.275 -3451.828 30.7701 0
6088.225 -3460.588 30.2755 0
6091.385 -3471.168 29.7386 0
6092.695 -3476.918 29.5067 0
6094.105 -3482.798 29.2725 0
6095.045 -3492.358 29.0444 0
6095.075 -3493.968 29.0132 0
6095.105 -3508.898 28.8064 0
6095.095 -3526.388 28.5559 0
6095.215 -3549.068 28.1758 0
6095.215 -3562.248 27.9182 0
6095.175 -3582.638 27.4319 0
6095.155 -3608.598 26.6807 0
6095.095 -3623.608 26.375 0
6095.105 -3651.478 26.1719 0
6095.125 -3668.168 25.9919 0
6095.145 -3691.298 25.6289 0
6095.095 -3716.558 25.1702 0
6095.125 -3729.279 24.95 0
6095.035 -3744.279 24.731 0
6095.105 -3757.918 24.5798 0
6095.135 -3776.978 24.4946 0
6095.175 -3778.388 24.5122 0
6095.445 -3782.288 24.561 0
6096.525 -3789.348 24.483 0
6098.045 -3794.958 24.1749 0
6099.995 -3800.548 23.8182 0
6102.865 -3805.618 23.4645 0
6106.475 -3810.388 23.1371 0
6110.255 -3813.898 22.9198 0
6114.695 -3817.078 22.7621 0
6119.855 -3819.668 22.6588 0
6125.685 -3821.798 22.5983 0
6132.315 -3823.348 22.5714 0
6139.735 -3824.428 22.569 0
6148.195 -3825.078 22.5824 0
6157.625 -3825.138 22.6019 0
6165.595 -3824.758 22.6022 0
6173.785 -3824.668 22.6022 0
6184.465 -3824.618 22.6022 0
6192.535 -3824.638 22.6022 0
6238.985 -3824.628 22.6022 0
6256.725 -3824.588 22.6022 2
6269.825 -3824.608 22.6022 0
6291.495 -3824.598 22.6022 0
6330.975 -3824.548 22.6022 0
6346.435 -3824.568 22.6021 0
6354.025 -3824.598 22.6021 0
6359.045 -3824.239 22.5876 0
6363.905 -3823.198 22.5632 0
6368.595 -3821.558 22.5552 0
6373.005 -3819.228 22.5913 0
6377.075 -3816.328 22.6995 0
6380.825 -3812.818 22.9097 0
6387.305 -3805.838 23.3403 0
6393.745 -3798.958 23.6575 0
6400.295 -3791.868 23.8918 0
6406.865 -3784.928 24.0576 0
6413.305 -3777.828 24.1777 0
6419.875 -3770.758 24.2764 0
6426.665 -3763.688 24.3743 0
6434.405 -3756.458 24.4949 0
6442.605 -3749.148 24.6599 0
6450.935 -3741.888 24.8926 0
6458.825 -3734.588 25.2134 0
6466.005 -3727.468 25.4868 0
6469.105 -3723.538 25.6604 0
6471.885 -3719.228 25.9106 0
6474.135 -3714.718 26.1655 0
6475.855 -3709.968 26.3638 0
6476.835 -3704.958 26.4331 0
6477.345 -3699.878 26.3359 0
6477.705 -3687.128 26.0964 0
6477.885 -3674.088 26.2925 0
6476.565 -3661.398 26.8879 0
6474.685 -3648.828 27.9185 0
6472.795 -3636.348 29.0154 0
6470.845 -3623.618 29.856 0
6469.865 -3610.798 30.427 0
6469.845 -3597.848 31.0215 0
6470.045 -3584.968 31.5942 0
6470.295 -3572.018 32.1155 0
6470.495 -3559.158 32.5532 0
6470.545 -3546.298 32.8994 0
6470.635 -3528.608 33.1986 0
6470.765 -3510.938 33.7423 0
6470.765 -3493.138 34.276 0
6470.795 -3475.518 34.8044 0
6470.865 -3457.728 35.3376 0
6470.875 -3440.048 35.8678 0
6471.235 -3435.748 35.9921 0
6472.035 -3431.558 36.1044 0
6473.435 -3427.508 36.2043 0
6475.125 -3423.548 36.2934 0
6477.465 -3419.948 36.3639 0
6480.205 -3416.508 36.4213 0
6482.165 -3414.398 36.4523 0
6484.245 -3412.188 36.485 0
6486.285 -3410.078 36.5155 0
6488.365 -3407.838 36.5485 0
6490.305 -3405.688 36.5805 0
6492.365 -3403.508 36.6122 0
6496.405 -3398.618 36.6881 0
6498.195 -3396.048 36.7338 0
6499.745 -3393.308 36.7782 0
6501.245 -3390.478 36.831 0
6502.545 -3387.578 36.8832 0
6503.725 -3384.678 36.9396 0
6504.605 -3381.748 36.996 0
6505.295 -3378.708 37.0871 0
6505.605 -3377.108 37.154 0
6505.795 -3375.518 37.2121 0
6505.875 -3373.838 37.2714 0
6505.875 -3372.208 37.2483 0
6505.905 -3369.908 37.2078 0
6505.815 -3363.878 37.2502 0
6505.815 -3353.548 37.2899 0
6505.825 -3343.148 37.3565 0
6505.855 -3333.218 37.3698 0
6505.885 -3318.478 37.4468 2
6505.865 -3297.968 37.5394 0
6505.815 -3284.428 37.8837 0
6505.915 -3276.838 38.1745 0
6506.405 -3266.358 38.6784 0
6506.815 -3260.918 39.1318 0
6507.695 -3254.578 39.8437 0
6509.835 -3246.478 40.624 0
6512.645 -3238.029 41.2507 0
6515.055 -3231.858 41.4187 0
6517.835 -3225.568 41.4895 0
6519.605 -3221.748 41.5286 0
6522.425 -3215.478 41.576 0
6526.495 -3206.328 41.5242 0
6530.575 -3197.178 41.481 0
6533.665 -3190.358 41.4559 0
6537.735 -3181.239 41.4373 0
6540.745 -3174.368 41.4285 0
6543.865 -3167.529 41.4425 0
6548.045 -3158.518 41.4705 0
6553.315 -3147.218 41.5535 0
6557.545 -3138.158 41.4471 0
6561.675 -3129.038 41.0548 0
6568.055 -3115.558 40.1016 0
6570.205 -3110.958 39.7244 0
6574.335 -3101.788 39.005 0
6579.715 -3090.538 38.2166 0
6585.055 -3079.448 37.4418 0
6590.395 -3068.128 36.642 0
6594.735 -3059.078 36.0968 0
6598.855 -3049.888 35.7086 0
6601.955 -3043.018 35.5336 0
6603.795 -3038.288 35.4943 0
6605.805 -3033.288 35.4645 0
6607.315 -3028.448 35.4623 0
6608.705 -3023.748 35.4608 0
6610.075 -3018.228 35.4812 0
6610.945 -3014.239 35.4964 0
6612.305 -3004.588 35.5586 0
6612.655 -2994.888 35.6342 0
6612.345 -2932.608 38.3762 0
6612.325 -2911.928 38.3762 0
6612.275 -2894.348 38.3762 0
6612.395 -2875.239 38.3762 0
6612.315 -2857.678 38.3762 0
6612.365 -2841.818 38.3762 2
6612.385 -2814.658 38.3762 0
6612.325 -2805.128 38.3762 0
6612.375 -2801.928 38.3194 0
6612.195 -2798.958 38.212 0
6611.675 -2794.168 38.1566 0
6611.065 -2790.358 38.1964 0
6609.905 -2784.718 38.3521 0
6608.975 -2781.038 38.5396 0
6607.995 -2777.468 38.7633 0
6606.495 -2772.148 39.1803 0
6604.975 -2766.938 39.6756 0
6603.955 -2763.458 40.0533 0
6602.555 -2758.368 40.6546 0
6601.345 -2753.248 41.3096 0
6600.395 -2748.178 42.0006 0
6599.965 -2744.818 42.4744 0
6599.635 -2739.968 43.1727 0
6599.695 -2732.728 44.0262 0
6599.695 -2723.578 44.9486 0
6599.635 -2716.348 45.5567 0
6599.625 -2707.208 46.1595 0
6599.645 -2699.968 46.5001 0
6599.605 -2687.108 46.7874 0
6599.635 -2675.588 46.6921 0
6599.715 -2665.978 46.6921 0
6599.685 -2656.538 46.6921 0
6599.635 -2642.208 46.6921 0
6599.575 -2631.029 46.6921 0
6599.655 -2616.658 46.6921 0
6599.665 -2600.728 46.6921 0
6599.615 -2592.758 46.6921 0
6599.605 -2583.208 46.6921 0
6599.605 -2573.598 46.6918 0
6599.655 -2441.638 46.6701 0
6599.565 -2432.478 45.505 0
6599.775 -2422.938 43.3573 0
6599.745 -2417.868 42.0194 0
6599.675 -2412.658 40.6076 0
6599.415 -2407.368 39.2021 0
6599.045 -2402.128 37.8632 0
6598.445 -2396.258 36.4208 0
6597.655 -2390.578 35.1127 0
6596.605 -2384.718 33.8803 0
6595.275 -2378.779 32.769 0
6593.715 -2372.458 31.7597 0
6591.755 -2366.268 30.934 0
6589.695 -2358.828 30.2113 0
6587.895 -2350.658 29.6857 0
6586.445 -2342.008 29.3202 0
6585.495 -2333.038 29.0644 0
6585.135 -2324.228 28.8832 0
6585.405 -2316.068 28.7357 0
6586.295 -2308.628 28.5768 0
6588.015 -2301.838 28.4389 0
6590.595 -2294.968 28.3659 0
6593.795 -2288.638 28.3466 0
6597.425 -2282.739 28.3603 0
6601.685 -2276.928 28.3913 0
6606.155 -2271.618 28.4213 0
6610.985 -2266.578 28.4333 0
6616.095 -2262.268 28.4328 0
6621.655 -2258.279 28.4352 0
6627.645 -2254.658 28.4427 0
6634.165 -2251.368 28.4562 0
6641.035 -2248.408 28.4767 0
6648.225 -2245.588 28.5057 0
6655.605 -2243.018 28.5438 0
6663.515 -2240.728 28.5995 0
6671.845 -2238.698 28.6734 0
6680.315 -2236.938 28.755 0
6689.575 -2235.398 28.8443 0
6698.835 -2234.168 28.9271 0
6707.935 -2233.188 28.9957 0
6716.925 -2232.348 29.044 0
6725.645 -2231.658 29.0726 0
6734.575 -2231.388 28.8341 0
6742.735 -2231.308 28.8393 0
6752.035 -2231.368 29.0912 0
6760.935 -2231.628 29.0792 0
6770.205 -2232.068 29.0602 0
6779.535 -2232.708 29.0363 0
6789.295 -2233.368 28.9923 0
6799.155 -2234.388 28.9252 0
6809.305 -2235.558 28.8461 0
6819.565 -2236.858 28.7684 0
6829.975 -2238.248 28.7045 0
6840.365 -2239.628 28.6674 0
6850.975 -2241.118 28.6693 0
6861.385 -2242.468 28.7157 0
6871.675 -2243.738 28.7963 0
6882.045 -2245.048 28.9027 0
6892.585 -2246.458 29.0262 0
6903.245 -2248.098 29.1561 0
6914.255 -2249.818 29.2838 0
6925.585 -2251.848 29.3998 0
6937.505 -2253.938 29.5275 0
6962.475 -2258.918 29.841 0
6988.225 -2264.368 30.1068 0
7011.045 -2269.718 30.1657 0
7029.655 -2274.468 29.7929 0
7037.375 -2276.578 29.7065 0
7048.895 -2279.758 29.5375 0
7060.325 -2283.158 29.32 0
7075.565 -2287.758 28.9499 0
7091.625 -2293.078 28.7963 0
7100.765 -2297.018 28.4337 0
7110.015 -2301.548 28.0541 0
7118.995 -2306.279 27.6647 0
7127.655 -2311.468 27.2584 0
7144.025 -2322.808 26.4284 0
7159.335 -2335.529 25.5136 0
7173.375 -2349.438 24.5131 0
7186.065 -2364.438 23.4882 0
7192.095 -2372.368 22.9813 0
7197.955 -2380.508 22.4906 0
7203.555 -2388.678 22.028 0
7214.245 -2405.529 21.2062 0
7224.325 -2422.658 20.5807 0
7234.235 -2440.108 20.2003 0
7243.995 -2457.898 20.0438 0
7253.845 -2475.258 20.0671 0
7258.755 -2483.868 20.114 0
7263.615 -2492.558 20.1723 0
7273.405 -2509.338 20.2951 0
7278.545 -2517.468 20.3467 0
7283.585 -2525.458 20.3823 0
7294.245 -2540.008 20.3957 0
7304.795 -2553.588 20.3957 0
7315.255 -2566.578 20.3957 0
7325.745 -2578.828 20.3957 0
7336.705 -2590.558 20.3957 0
7348.115 -2601.818 20.3957 0
7360.295 -2612.918 20.3957 0
7366.845 -2618.308 20.3957 0
7373.845 -2623.398 20.3957 0
7388.815 -2633.228 20.3957 0
7403.965 -2642.328 20.3957 0
7411.645 -2646.838 20.3957 0
7419.045 -2651.168 20.3957 0
7426.055 -2655.498 20.3957 0
7432.765 -2659.739 20.3957 0
7438.905 -2664.008 20.3957 0
7444.445 -2668.239 20.3957 0
7449.275 -2672.478 20.3957 0
7453.635 -2676.758 20.3957 0
7457.665 -2681.058 20.3957 0
7461.425 -2685.248 20.3957 0
7464.915 -2689.518 20.3957 0
7467.945 -2693.708 20.3957 0
7470.715 -2697.918 20.3957 0
7473.125 -2701.978 20.3957 0
7475.155 -2705.998 20.3957 0
7477.005 -2710.058 20.396 0
7478.465 -2714.008 20.3957 0
7479.525 -2717.888 20.3957 0
7480.005 -2721.878 20.3947 0
7480.335 -2725.608 20.1337 0
7480.255 -2734.508 19.9576 0
7480.225 -2743.658 19.7166 0
7480.155 -2771.408 19.6939 0
7480.085 -2789.828 19.7031 0
7480.065 -2801.598 19.7166 0
7480.075 -2817.448 19.7172 0
7480.045 -2826.708 19.6905 1
7480.375 -2835.968 19.7166 0
7480.725 -2845.138 19.9513 0
7481.345 -2852.518 20.1339 0
7481.915 -2859.989 20.3959 0
7482.015 -2867.068 20.3959 0
7481.935 -2881.158 20.3959 0
7481.585 -2894.668 20.3959 0
7480.565 -2906.868 20.3959 0
7479.865 -2912.548 20.3959 0
7478.915 -2917.748 20.3959 0
7477.775 -2922.628 20.3959 0
7476.445 -2926.928 20.3959 0
7474.765 -2930.708 20.3959 0
7472.705 -2934.048 20.3959 0
7467.595 -2939.818 20.3959 0
7461.425 -2944.468 20.3959 0
7454.425 -2947.928 20.3959 0
7447.095 -2950.298 20.4259 0
7439.895 -2951.678 20.6354 0
7436.515 -2952.018 20.7486 0
7433.225 -2952.108 20.8331 0
7429.965 -2951.928 20.8668 0
7423.225 -2950.788 20.867 0
7416.285 -2948.508 20.867 0
7409.115 -2945.078 20.867 0
7401.655 -2940.438 20.8673 0
7394.075 -2934.688 20.867 0
7386.935 -2928.178 20.971 0
7380.155 -2921.478 21.3373 0
7373.405 -2914.798 21.93 0
7366.805 -2908.048 22.5392 0
7359.995 -2901.318 23.1563 0
7353.305 -2894.678 23.7647 0
7346.455 -2887.818 24.3832 0
7340.935 -2882.828 24.714 0
7334.585 -2878.418 25.1036 0
7327.785 -2874.918 25.5328 0
7320.555 -2871.958 26.0086 0
7312.905 -2869.598 26.5243 0
7304.935 -2867.878 27.0709 0
7296.705 -2866.518 27.6473 0
7288.175 -2865.618 28.2521 0
7279.455 -2864.958 28.879 0
7270.575 -2864.558 29.5228 0
7261.575 -2864.378 30.1805 0
7252.515 -2864.298 30.8458 0
7237.325 -2864.208 31.7001 0
7225.095 -2864.208 32.0704 0
7206.745 -2864.268 32.6266 0
7169.945 -2864.298 33.7411 0
7120.985 -2864.298 35.2245 0
7090.415 -2864.348 36.1507 0
7063.025 -2864.098 36.2714 0
7051.875 -2864.128 36.2714 0
7032.775 -2864.068 36.2714 0
7008.855 -2864.058 36.2714 0
6985.205 -2864.118 36.2714 0
6962.835 -2864.168 36.2714 0
6948.515 -2864.138 36.2714 0
6923.065 -2864.138 36.2714 0
6905.445 -2864.168 36.2712 0
6889.515 -2864.108 36.2712 0
6864.605 -2864.178 36.2712 0
6855.025 -2864.168 36.2712 0
6842.275 -2864.138 36.2712 0
6823.125 -2864.068 36.2712 0
6803.985 -2864.098 36.2712 2
6792.865 -2864.178 36.2712 0
6780.075 -2864.158 36.2712 0
6751.405 -2864.148 36.2712 0
6740.185 -2864.148 36.2712 0
6722.895 -2864.128 35.0411 0
6706.365 -2864.128 32.6917 0
6697.975 -2864.148 32.1546 0
6677.865 -2864.038 31.4385 0
6665.895 -2864.128 31.2951 0
6653.145 -2864.108 31.2951 0
6635.615 -2864.128 31.2951 0
6619.715 -2864.088 31.2951 0
6592.575 -2864.029 31.2951 0
6576.705 -2864.088 31.2951 0
6559.125 -2864.128 31.2951 2
6547.925 -2864.098 31.2951 0
6533.475 -2864.218 31.2438 0
6519.135 -2864.108 31.2438 0
6512.795 -2864.058 31.2438 0
6496.845 -2864.088 31.2438 0
6490.455 -2864.088 31.2438 0
6485.695 -2864.118 31.2438 0
6471.375 -2864.078 31.2438 0
6450.625 -2864.118 31.2438 0
6439.505 -2864.078 31.2438 0
6428.295 -2864.098 31.2438 0
6404.415 -2864.118 31.2304 0
6398.845 -2864.088 31.4793 0
6393.155 -2864.108 31.8513 0
6385.695 -2864.258 32.5757 0
6380.065 -2864.428 33.2617 0
6374.405 -2864.768 34.051 0
6364.955 -2865.758 35.2229 0
6361.095 -2866.288 35.6382 0
6357.285 -2866.978 36.023 0
6353.495 -2867.818 36.3816 0
6349.615 -2868.858 36.7329 0
6347.745 -2869.378 36.8972 0
6342.245 -2871.508 37.3892 0
6340.545 -2872.248 37.4706 0
6333.475 -2875.308 38.1091 0
6328.265 -2877.938 38.4778 0
6323.195 -2880.928 38.835 0
6319.925 -2882.968 39.0757 0
6313.605 -2887.248 39.5803 0
6309.065 -2890.668 39.8799 0
6304.615 -2894.058 40.1221 0
6298.625 -2898.588 40.3083 0
6294.225 -2901.968 40.52 0
6291.305 -2904.158 40.5982 0
6286.155 -2907.758 40.6841 0
6281.075 -2911.008 40.7178 0
6276.315 -2913.388 40.7174 0
6272.335 -2915.318 40.7121 0
6267.405 -2917.558 40.7335 0
6260.575 -2920.418 40.723 0
6255.965 -2922.258 40.6969 0
6253.775 -2923.158 40.6842 0
6249.125 -2924.868 40.6063 0
6244.505 -2926.548 40.5241 0
6237.705 -2928.798 40.3239 0
6230.885 -2930.968 40.0751 0
6225.885 -2932.428 39.8786 0
6218.705 -2934.458 39.5756 0
6209.135 -2937.128 39.1813 0
6201.925 -2938.989 38.8827 0
6197.125 -2940.258 38.6767 0
6189.885 -2942.088 38.3261 0
6182.645 -2943.878 37.9022 0
6170.405 -2946.978 37.2001 0
6163.135 -2948.978 36.8822 0
6158.295 -2950.378 36.7038 0
6148.615 -2953.248 36.4286 0
6141.465 -2955.568 36.2677 0
6134.345 -2958.078 36.1701 0
6129.515 -2959.838 36.1022 0
6126.005 -2961.338 36.0521 0
6120.345 -2964.348 35.9909 0
6114.045 -2968.018 35.9942 0
6112.065 -2969.218 36.0079 0
6106.265 -2971.968 35.9798 0
6100.485 -2974.428 35.7611 0
6088.575 -2978.788 35.7186 0
6082.395 -2980.489 35.5157 0
6076.095 -2981.868 35.3092 0
6069.905 -2982.588 35.18 0
6061.235 -2982.758 34.9422 0
6050.975 -2982.468 34.493 0
6043.385 -2982.118 34.1205 0
6038.625 -2981.888 33.8866 0
6030.125 -2981.779 33.8131 0
6026.105 -2981.828 33.8001 0
6020.105 -2981.818 33.7999 0
6012.205 -2981.838 33.8233 0
6004.845 -2981.868 33.8585 0
5993.765 -2981.898 33.858 0
5985.895 -2981.878 33.8936 0
5977.445 -2981.928 33.9422 0
5968.265 -2981.938 34.0074 0
5956.945 -2981.948 34.0975 0
5949.055 -2981.878 34.1519 0
5935.666 -2981.808 34.2632 0
5925.085 -2981.868 34.3643 0
5909.255 -2981.898 34.605 0
5901.375 -2981.938 34.6756 0
5890.855 -2981.948 34.8104 0
5880.335 -2981.888 34.941 0
5864.545 -2981.888 35.0765 0
5827.695 -2981.928 35.8682 0
5814.515 -2981.808 36.1631 0
5804.015 -2981.938 36.3633 0
5785.565 -2981.808 36.6558 0
5777.655 -2981.878 36.8448 0
5756.595 -2981.848 37.0772 0
5748.725 -2981.848 37.1207 0
5730.335 -2981.888 37.2525 0
5725.025 -2981.858 37.293 0
5709.255 -2981.908 37.4273 0
5698.666 -2981.808 37.5225 0
5691.095 -2981.808 37.586 0
5688.475 -2981.838 37.6089 0
5676.315 -2981.788 37.7379 0
5666.285 -2981.838 37.8394 0
5654.795 -2981.868 37.9571 0
5642.445 -2981.868 38.0538 0
5629.725 -2981.838 38.1568 0
5616.785 -2981.739 38.2276 0
5603.935 -2981.739 38.2745 0
5591.645 -2981.779 38.2896 0
5581.655 -2981.828 38.2701 0
5570.225 -2981.788 38.2139 0
5557.916 -2981.858 38.0816 0
5532.155 -2982.128 37.7549 0
5525.805 -2982.239 37.5655 0
5519.975 -2982.248 37.3912 0
5514.715 -2982.318 37.1993 0
5507.055 -2982.489 36.9131 0
5504.205 -2982.468 36.7769 0
5498.945 -2982.498 36.5259 0
5491.095 -2982.508 36.1498 0
5485.835 -2982.508 35.8979 0
5477.916 -2982.518 35.4321 0
5472.666 -2982.478 35.1166 0
5460.425 -2982.308 34.2773 0
5447.505 -2982.298 33.2021 0
5441.155 -2982.248 32.5937 0
5430.735 -2982.288 31.5483 0
5420.275 -2982.218 30.4062 0
5407.245 -2982.288 28.8441 0
5400.625 -2982.298 28.0126 0
5393.595 -2982.288 27.1278 0
5386.765 -2982.208 26.2694 0
5361.125 -2982.188 22.7162 0
5340.195 -2982.208 19.6093 0
5323.555 -2982.138 16.9911 0
5308.295 -2982.168 14.6464 0
5295.635 -2982.218 12.6986 0
5279.895 -2981.968 10.4188 0
5272.045 -2981.928 9.22933 4
5264.185 -2981.948 7.96078 4
5256.305 -2981.948 6.59164 4
5248.255 -2981.998 5.0359 4
5240.965 -2981.918 3.54859 4
5234.925 -2981.538 2.24195 4
5228.675 -2980.538 0.967537 4
5222.265 -2978.918 -0.277092 4
5215.805 -2976.648 -1.52488 4
5203.455 -2970.098 -3.29636 4
5197.515 -2965.698 -3.75095 4
5184.055 -2951.698 -4.00227 4
5180.195 -2945.248 -4.00227 4
5177.385 -2940.858 -4.00227 4
5174.525 -2933.739 -4.00227 4
5170.745 -2926.628 -4.00227 4
5170.815 -2920.038 -4.00227 4
5170.845 -2912.728 -4.00227 4
5171.045 -2904.628 -4.00227 4
5173.955 -2889.398 -3.90336 4
5176.015 -2883.468 -3.90336 4
5177.675 -2879.638 -3.90336 4
5179.625 -2875.968 -3.90336 4
5181.675 -2872.368 -3.90336 4
5185.185 -2867.118 -3.90336 4
5189.155 -2862.258 -3.90336 4
5192.195 -2859.388 -3.90336 4
5196.745 -2854.998 -3.90336 4
5201.615 -2851.128 -3.90336 4
5207.065 -2847.798 -3.90336 4
5217.185 -2841.928 -3.90336 4
5227.495 -2836.098 -3.90336 4
5234.205 -2832.168 -3.90336 4
5237.675 -2830.018 -3.99543 4
5240.935 -2827.888 -4.14045 4
5244.175 -2825.678 -4.35139 4
5247.295 -2823.358 -4.66536 4
5250.525 -2820.968 -4.97737 4
5254.255 -2818.408 -5.19709 4
5258.285 -2815.728 -5.35432 4
5262.385 -2813.138 -5.44563 4
5271.625 -2806.948 -5.44639 4
5276.745 -2802.578 -5.44639 4
5282.705 -2796.068 -5.44639 4
5288.055 -2788.868 -5.44639 4
5292.395 -2781.248 -5.44639 4
5295.265 -2775.328 -5.44639 4
5297.305 -2768.828 -5.44639 4
5298.895 -2762.239 -5.44639 4
5299.285 -2757.288 -5.44639 4
5299.285 -2741.578 -5.44639 4
5299.115 -2695.838 -5.446 4
5299.135 -2678.388 -5.446 6
5299.205 -2663.008 -5.44639 4
5299.075 -2656.328 -5.44639 4
5298.065 -2649.688 -5.44639 4
5297.145 -2645.358 -5.44639 4
5293.485 -2631.898 -5.44639 4
5289.275 -2616.768 -5.44639 4
5287.355 -2608.838 -5.44639 4
5286.315 -2600.608 -5.44639 4
5285.975 -2594.239 -5.44562 4
5286.175 -2586.798 -5.09845 4
5287.265 -2575.128 -4.10041 4
5287.265 -2567.248 -4.02939 4
5287.305 -2515.978 -4.02939 4
5287.345 -2449.198 -4.02939 4
5287.245 -2413.958 -4.02939 4
5287.775 -2405.588 -4.02939 4
5289.195 -2397.428 -4.02939 4
5291.975 -2387.728 -4.02939 4
5297.925 -2365.018 -4.02939 4
5299.385 -2358.498 -4.02939 4
5300.255 -2351.938 -4.02939 4
5300.495 -2331.608 -4.029 4
5300.475 -2313.779 -4.029 4
5300.435 -2293.19 -4.029 6
5300.465 -2274.408 -4.02939 4
5300.525 -2223.268 -4.02939 4
5300.475 -2195.958 -4.02939 4
5300.535 -2185.688 -4.02939 4
5300.065 -2179.108 -4.02939 4
5299.465 -2174.588 -4.02939 4
5295.895 -2160.588 -4.02939 4
5288.725 -2133.908 -4.02939 4
5282.575 -2111.328 -4.02939 4
5280.025 -2102.988 -4.02939 4
5277.935 -2098.888 -4.02939 4
5275.175 -2094.798 -4.02939 4
5272.215 -2091.238 -4.02939 4
5268.715 -2088.218 -4.02939 4
5264.565 -2085.518 -4.02939 4
5257.925 -2081.618 -4.02939 4
5244.225 -2073.708 -4.02939 4
5235.705 -2068.868 -4.02939 4
5228.885 -2064.048 -4.02939 4
5223.965 -2059.988 -4.02939 4
5218.375 -2053.728 -4.02939 4
5213.275 -2047.268 -4.02939 4
5209.015 -2039.698 -4.02939 4
5205.705 -2031.868 -4.02939 4
5203.885 -2025.988 -4.02939 4
5200.945 -2018.218 -4.30192 4
5197.775 -2011.118 -4.66276 4
5194.085 -2004.228 -5.14225 4
5191.105 -1997.158 -5.42301 4
5188.605 -1989.418 -5.52116 4
5187.765 -1985.578 -5.52152 4
5181.666 -1962.888 -5.52152 4
5175.405 -1939.908 -4.48246 4
5170.355 -1921.178 -2.04056 4
5166.225 -1905.908 -0.788611 4
5163.475 -1896.238 -0.578161 4
5161.416 -1889.888 -0.578161 4
5158.755 -1883.708 -0.578161 4
5154.075 -1876.108 -0.578161 4
5150.245 -1870.688 -0.578161 4
5144.395 -1864.148 -0.578161 4
5137.865 -1858.368 -0.578161 4
5132.425 -1854.158 -0.578161 4
5126.775 -1850.838 -0.578161 4
5120.625 -1847.868 -0.578161 4
5114.485 -1845.638 -0.578161 4
5107.995 -1843.898 -0.578161 4
5100.475 -1842.968 -0.541992 4
5050.26563 -1842.948 -0.541992 6
5038.145 -1843.118 -0.536987 4
5028.295 -1843.148 -0.867203 4
5012.505 -1843.038 -2.20236 4
4979.335 -1843.088 -6.87331 4
4963.715 -1843.108 -9.06915 4
4951.975 -1843.178 -10.7191 4
4928.555 -1843.038 -13.5833 4
4920.725 -1842.988 -14.0624 4
4912.755 -1842.988 -14.275 4
4908.835 -1843.138 -14.275 4
4904.825 -1843.538 -14.275 4
4900.615 -1844.148 -14.275 4
4896.595 -1845.048 -14.275 4
4892.615 -1846.398 -14.275 4
4888.765 -1847.538 -14.275 4
4884.995 -1848.238 -14.275 4
4881.145 -1848.698 -14.275 4
4877.635 -1848.968 -14.275 4
4874.265 -1849.018 -14.2692 4
4870.265 -1848.998 -14.269 4
4858.555 -1848.918 -14.269 4
4846.725 -1849.028 -14.269 4
4838.285 -1849.168 -14.269 4
4831.685 -1849.918 -14.269 4
4825.235 -1851.228 -14.269 4
4811.755 -1854.798 -14.269 4
4800.105 -1857.788 -14.269 4
4784.935 -1861.818 -14.269 4
4769.815 -1865.998 -14.269 4
4758.195 -1869.358 -14.269 4
4752.745 -1871.188 -14.269 4
4747.725 -1873.468 -14.269 4
4740.545 -1877.698 -14.269 4
4723.435 -1887.348 -14.269 4
4712.925 -1893.458 -14.269 4
4707.265 -1897.508 -14.269 4
4702.245 -1901.878 -14.269 4
4697.775 -1906.638 -14.269 4
4693.595 -1911.848 -14.269 4
4690.825 -1915.448 -14.269 4
4688.705 -1919.178 -14.269 4
4686.585 -1923.618 -14.269 4
4684.015 -1931.728 -14.2692 4
4679.945 -1946.988 -14.194 4
4676.585 -1959.898 -14.194 4
4671.65771 -1977.98254 -14.194 6
4668.695 -1988.868 -14.2661 4
4665.745 -2000.268 -13.8467 4
4658.575 -2026.698 -10.6972 4
4653.555 -2045.468 -7.96674 4
4650.685 -2056.768 -6.39878 4
4645.565 -2075.788 -5.01938 4
4642.355 -2087.108 -4.94907 4
4639.235 -2098.568 -4.94907 4
4636.275 -2110.008 -4.94907 4
4634.895 -2116.458 -4.94907 4
4634.115 -2122.978 -4.94907 4
4633.765 -2127.388 -4.94907 4
4633.635 -2137.688 -4.94907 4
4633.895 -2152.998 -4.94907 4
4633.805 -2169.208 -4.94907 4
4633.805 -2180.718 -4.94907 4
4633.705 -2192.548 -4.94907 4
4633.465 -2204.358 -4.94902 4
4633.015 -2212.148 -4.94854 4
4632.775 -2222.048 -4.95195 4
4632.775 -2226.978 -4.95488 4
4632.935 -2234.868 -4.95475 4
4632.785 -2250.598 -4.95475 4
4632.765 -2260.688 -4.95475 4
4633.105 -2265.168 -4.95475 4
4633.975 -2271.768 -4.95475 4
4635.455 -2278.228 -4.95475 4
4638.465 -2289.638 -4.95475 4
4641.525 -2301.128 -4.95475 4
4646.515 -2319.978 -4.955 4
4655.83643 -2354.923 -4.955 6
4659.655 -2369.338 -4.95496 4
4663.805 -2384.518 -4.95475 4
4666.025 -2392.108 -4.95475 4
4667.945 -2399.788 -4.95475 4
4669.335 -2405.818 -4.95475 4
4670.175 -2412.008 -4.95475 4
4670.465 -2416.258 -4.95475 4
4670.465 -2422.398 -5.02994 4
4670.335 -2438.128 -5.99772 4
4670.525 -2449.898 -7.4484 4
4670.365 -2465.548 -9.21451 4
4670.385 -2481.239 -9.89814 4
4670.315 -2485.178 -9.89814 4
4670.235 -2493.038 -9.89863 4
4669.975 -2500.708 -9.89863 4
4669.666 -2513.758 -9.89619 4
4669.565 -2535.218 -9.89243 4
4669.575 -2547.058 -9.89243 4
4669.645 -2554.928 -9.89243 4
4669.825 -2559.458 -9.89243 4
4670.565 -2566.048 -9.89243 4
4671.265 -2570.298 -9.89243 4
4672.315 -2574.718 -9.89243 4
4674.315 -2580.928 -9.89243 4
4675.985 -2585.138 -9.89243 4
4677.795 -2589.308 -9.89243 4
4679.835 -2593.128 -9.89243 4
4683.885 -2599.948 -9.89243 4
4687.685 -2606.638 -9.89243 4
4691.605 -2613.518 -9.89243 4
4697.585 -2623.968 -9.89243 4
4700.155 -2629.758 -9.89243 4
4702.345 -2635.748 -9.89243 4
4703.755 -2641.858 -9.89243 4
4704.785 -2647.768 -9.89243 4
4705.305 -2654.138 -9.89243 4
4705.325 -2660.208 -9.89243 4
4705.325 -2683.948 -9.89243 4
4705.235 -2715.218 -9.89243 4
4705.166 -2740.698 -9.891 4
4705.295 -2765.7666 -9.891 6
4705.195 -2782.128 -9.89097 4
4705.105 -2793.908 -9.47641 4
4705.195 -2825.239 -5.77796 4
4705.195 -2852.468 -2.02213 4
4705.265 -2876.128 -0.572312 4
4705.265 -2884.068 -0.572312 4
4705.215 -2899.668 -0.572312 4
4705.255 -2907.548 -0.572312 4
4705.185 -2915.118 -0.536337 0
4705.195 -2935.098 -0.572312 0
4705.215 -2942.918 -0.572312 4
4705.245 -2950.788 -0.572312 4
4705.275 -2958.578 -0.572312 4
4705.245 -2966.458 -0.572312 4
4705.245 -2974.428 -0.572346 4
4705.605 -2982.279 -0.572346 4
4706.145 -2989.938 -0.572834 4
4706.285 -2997.498 -0.578099 4
4706.235 -3001.638 -0.578099 4
4705.645 -3007.728 -0.578099 4
4704.416 -3014.098 -0.578099 4
4701.965 -3023.608 -0.578099 4
4697.775 -3038.838 -0.578099 4
4694.715 -3050.248 -0.578099 4
4691.666 -3061.758 -0.578099 4
4686.615 -3080.648 -0.578099 4
4683.475 -3092.158 -0.578099 4
4679.445 -3107.108 -0.578099 4
4677.416 -3114.798 -0.578099 4
4673.355 -3130.008 -0.578099 4
4671.325 -3137.598 -0.578099 4
4670.175 -3141.848 -0.578099 4
4669.515 -3146.279 -0.578099 4
4668.945 -3150.748 -0.578099 4
4668.685 -3155.148 -0.578099 4
4668.745 -3161.258 -0.650243 4
4668.655 -3184.888 -2.51938 4
4668.585 -3204.378 -5.25368 4
4668.645 -3231.818 -8.88132 4
4668.695 -3251.178 -9.89499 4
4668.655 -3263.148 -9.898 4
4668.655 -3274.918 -9.898 4
4668.605 -3282.728 -9.898 4
4668.655 -3302.468 -9.898 6
4668.685 -3314.298 -9.89792 4
4668.725 -3318.739 -9.89792 4
4669.365 -3325.358 -9.89792 4
4670.815 -3331.758 -9.89792 4
4675.265 -3349.208 -9.89792 4
4677.315 -3356.838 -9.89792 4
4680.305 -3368.248 -9.89792 4
4683.425 -3379.598 -9.89792 4
4688.675 -3398.398 -9.89785 4
4691.265 -3405.628 -9.89981 4
4694.085 -3412.868 -9.89346 4
4696.166 -3419.708 -9.8417 4
4696.895 -3421.838 -9.84147 4
4698.215 -3426.048 -9.84147 4
4699.855 -3430.248 -9.84147 4
4701.675 -3434.298 -9.84147 4
4703.855 -3438.078 -9.84147 4
4709.755 -3448.388 -9.84147 4
4713.715 -3455.168 -9.84147 4
4719.635 -3465.408 -9.84147 4
4725.595 -3475.628 -9.84147 4
4731.355 -3485.858 -9.84147 4
4735.285 -3492.658 -9.84147 4
4741.245 -3502.878 -9.84147 4
4747.185 -3513.048 -9.84147 4
4751.015 -3519.828 -9.84147 4
4754.495 -3525.538 -9.84147 4
4758.585 -3530.898 -9.84147 4
4761.515 -3534.208 -9.84147 4
4765.795 -3538.458 -9.91129 4
4774.225 -3546.818 -10.5329 4
4785.285 -3557.948 -12.3229 4
4796.375 -3569.068 -14.0993 4
4804.655 -3577.348 -14.7126 4
4815.805 -3588.548 -14.7848 4
4824.355 -3596.688 -14.7848 4
4829.865 -3602.239 -14.7848 4
4834.185 -3606.928 -14.7848 4
4837.845 -3611.918 -14.7848 4
4841.205 -3617.328 -14.785 4
4847.085 -3627.548 -14.785 4
4852.965 -3637.698 -14.785 4
4856.425 -3643.698 -14.785 4
4860.835 -3651.358 -14.785 4
4864.815 -3658.168 -14.7373 4
4868.705 -3664.938 -14.785 6
4872.685 -3671.808 -14.7848 4
4878.645 -3682.029 -14.7848 4
4886.435 -3695.658 -14.7848 4
4889.395 -3700.838 -14.7848 4
4891.295 -3704.568 -14.7848 4
4893.685 -3710.318 -14.7848 4
4895.645 -3716.348 -14.7848 4
4897.605 -3723.908 -14.7848 4
4900.666 -3735.388 -14.7848 4
4903.715 -3746.668 -14.7848 4
4905.355 -3751.128 -14.7848 4
4907.355 -3755.398 -14.7848 4
4909.925 -3759.468 -14.7848 4
4913.166 -3762.989 -14.7848 4
4915.945 -3766.048 -14.7848 4
4918.225 -3769.628 -14.7848 4
4920.115 -3773.328 -14.7848 4
4921.335 -3777.358 -14.7848 4
4923.395 -3784.948 -14.7848 4
4926.375 -3796.279 -14.7848 4
4928.435 -3803.898 -14.7848 4
4930.085 -3809.858 -14.7848 4
4932.085 -3814.408 -14.7848 4
4935.045 -3819.858 -14.7848 4
4944.825 -3836.798 -14.7848 4
4952.925 -3850.538 -14.7848 4
4962.635 -3867.558 -14.7848 4
4976.425 -3891.358 -14.7848 4
4978.475 -3894.779 -14.7848 4
4982.335 -3901.848 -14.7848 4
4985.685 -3909.538 -14.7848 4
4987.655 -3915.558 -14.7848 4
4989.666 -3923.018 -14.7848 4
4991.745 -3930.668 -14.7848 4
4993.615 -3938.298 -14.7848 4
4995.695 -3945.888 -14.7848 4
4997.725 -3952.388 -14.7848 4
5001.235 -3960.448 -14.7848 4
5005.645 -3967.938 -14.7848 4
5008.335 -3971.718 -14.7848 4
5010.965 -3975.218 -14.7848 4
5015.505 -3980.038 -14.7848 4
5021.815 -3985.768 -14.837 4
5024.895 -3988.248 -14.8458 4
5028.055 -3990.468 -14.8429 4
5031.175 -3992.868 -14.8414 4
5034.185 -3995.468 -14.8414 4
5037.265 -3998.208 -14.8413 4
5040.585 -4001.239 -14.8413 4
5043.955 -4004.098 -14.8413 4
5047.455 -4006.918 -14.8413 4
5056.555 -4012.288 -14.8413 4
5066.705 -4018.188 -14.8413 4
5080.265 -4026.188 -14.8413 4
5090.435 -4032.008 -14.8413 4
5104.135 -4039.818 -14.8413 4
5111.545 -4043.838 -14.8413 4
5115.575 -4045.678 -14.8413 4
5119.666 -4047.338 -14.8413 4
5123.865 -4048.788 -14.8413 4
5128.145 -4049.858 -14.8413 4
5132.525 -4050.788 -14.8413 4
5136.895 -4051.308 -14.8413 4
5143.585 -4051.888 -14.8413 4
5153.625 -4051.888 -14.8413 4
5169.285 -4051.898 -14.8413 4
5184.985 -4051.898 -14.8413 4
5196.755 -4051.898 -14.8413 4
5208.675 -4052.158 -14.8413 4
5213.435 -4051.708 -14.8413 4
5217.995 -4050.739 -14.8413 4
5222.625 -4049.128 -14.8413 4
5226.745 -4047.138 -14.8413 4
5230.865 -4044.558 -14.8413 4
5234.315 -4041.418 -14.8413 4
5237.475 -4037.748 -14.8413 4
5239.955 -4033.858 -14.8413 4
5246.035 -4023.638 -14.8413 4
5251.725 -4013.418 -14.8413 4
5256.875 -4004.758 -14.8413 4
5259.385 -4001.348 -14.8413 4
5262.265 -3998.648 -14.8413 4
5265.775 -3995.948 -14.8413 4
5274.395 -3990.989 -14.841 4
5281.895 -3986.668 -14.8415 4
5296.015 -3978.498 -14.8415 4
5301.545 -3975.279 -14.841 4
5311.755 -3969.378 -14.841 6
5322.085 -3963.428 -14.8413 4
5332.085 -3957.438 -14.8413 4
5352.555 -3945.698 -14.8413 4
5369.675 -3935.828 -14.8413 4
5378.585 -3930.908 -14.8413 4
5382.295 -3927.918 -14.8413 4
5385.495 -3924.668 -14.8413 4
5388.875 -3922.158 -14.8413 4
5397.475 -3917.228 -14.8413 4
5417.895 -3905.458 -14.8413 4
5423.405 -3901.838 -14.8413 4
5428.675 -3897.878 -14.8413 4
5433.605 -3893.288 -14.8413 4
5438.045 -3888.418 -14.8413 4
5440.975 -3884.758 -14.8413 4
5443.385 -3881.258 -14.8413 4
5446.795 -3875.518 -14.8413 4
5449.615 -3869.518 -14.8413 4
5452.205 -3863.368 -14.8413 4
5453.945 -3856.908 -14.8413 4
5455.595 -3848.208 -14.8413 4
5455.985 -3839.258 -14.8413 4
5455.595 -3832.739 -14.8413 4
5454.375 -3823.888 -14.8413 4
5453.375 -3819.638 -14.8413 4
5450.285 -3808.178 -14.4282 4
5446.155 -3793.128 -12.9331 4
5443.245 -3781.779 -11.296 4
5440.045 -3770.448 -9.64215 4
5437.045 -3759.308 -8.02106 4
5433.955 -3747.768 -6.54966 4
5431.005 -3736.218 -5.72544 4
5427.635 -3724.498 -5.52134 4
5425.315 -3718.308 -5.52134 4
5422.255 -3712.358 -5.52134 4
5418.965 -3706.668 -5.52134 4
5415.205 -3701.188 -5.52134 4
5412.235 -3697.828 -5.52134 4
5409.235 -3694.438 -5.52134 4
5406.095 -3691.489 -5.52134 4
5402.655 -3688.588 -5.52134 4
5395.385 -3683.548 -5.52134 4
5391.585 -3681.268 -5.52134 4
5387.605 -3679.248 -5.52134 4
5383.435 -3677.489 -5.52134 4
5379.335 -3675.938 -5.52134 4
5375.025 -3674.718 -5.52134 4
5371.115 -3673.318 -5.52134 4
5367.345 -3671.648 -5.52134 4
5362.265 -3667.928 -5.52134 4
5357.895 -3663.868 -5.52134 4
5352.255 -3658.239 -5.52134 4
5346.755 -3652.798 -5.52134 4
5341.135 -3647.198 -5.52134 4
5336.795 -3643.078 -5.52134 4
5334.465 -3639.518 -5.52134 4
5333.395 -3637.678 -5.52134 4
5331.166 -3634.188 -5.52164 4
5328.875 -3631.138 -5.52164 4
5323.015 -3624.898 -5.52164 4
5315.565 -3614.728 -5.51566 4
5307.605 -3601.308 -5.51566 4
5299.916 -3587.698 -5.51566 4
5296.935 -3582.258 -5.51566 4
5294.425 -3576.388 -5.51566 4
5292.565 -3570.388 -5.51566 4
5290.975 -3562.239 -5.51566 4
5290.445 -3555.798 -5.51566 4
5290.295 -3551.648 -5.51566 4
5290.235 -3543.728 -5.516 4
5290.225 -3531.968 -5.51587 4
5290.175 -3520.279 -5.516 4
5290.205 -3512.358 -5.516 4
5290.235 -3499.0752 -5.516 6
5290.305 -3488.728 -5.51587 4
5290.175 -3461.008 -5.51566 4
5290.055 -3433.688 -5.51566 4
5290.055 -3425.828 -5.51566 4
5289.985 -3421.038 -5.51566 4
5288.935 -3416.458 -5.51566 4
5287.355 -3411.968 -5.51566 4
5285.305 -3407.718 -5.51566 4
5282.605 -3403.878 -5.51566 4
5279.515 -3400.288 -5.51566 4
5275.895 -3397.308 -5.51566 4
5272.085 -3394.418 -5.51566 4
5265.365 -3390.529 -5.51566 4
5255.125 -3384.588 -5.51566 4
5241.995 -3376.968 -5.37211 4
5234.535 -3372.418 -4.78201 4
5227.765 -3368.178 -4.24279 4
5220.995 -3364.008 -3.95328 4
5214.185 -3360.158 -3.9032 4
5207.375 -3356.148 -3.90336 4
5197.135 -3350.318 -3.90336 4
5190.405 -3346.408 -3.90336 4
5185.166 -3343.418 -3.90336 4
5181.835 -3340.739 -3.90336 4
5178.815 -3337.788 -3.90336 4
5175.166 -3332.608 -3.90336 4
5172.535 -3326.978 -3.90336 4
5171.215 -3320.739 -3.90336 4
5171.085 -3312.668 -3.90336 4
5170.975 -3300.888 -3.90336 4
5171.115 -3285.288 -3.90336 4
5171.005 -3230.70337 -3.903 6
5171.015 -3222.178 -3.90346 4
5171.055 -3206.428 -3.90335 4
5170.885 -3171.248 -3.90335 4
5170.885 -3131.668 -3.90335 4
5170.885 -3112.118 -4.00227 4
5171.245 -3080.368 -4.00227 4
5171.495 -3069.758 -4.00227 4
5174.815 -3058.338 -4.00227 4
5178.725 -3048.098 -4.00227 4
5181.035 -3044.048 -4.00227 4
5185.435 -3037.618 -4.00227 4
5187.855 -3034.328 -4.00227 4
5192.245 -3029.668 -3.86802 4
5197.475 -3025.018 -3.74815 4
5201.535 -3021.898 -3.43076 4
5206.175 -3018.779 -2.9835 4
5212.475 -3015.438 -2.09922 4
5215.685 -3014.058 -1.53281 4
5222.205 -3011.768 -0.278015 4
5225.445 -3010.848 0.346008 4
5228.615 -3010.118 0.965637 4
5231.795 -3009.558 1.59991 4
5234.925 -3009.118 2.24933 4
5237.916 -3008.888 2.89288 4
5240.995 -3008.768 3.55597 4
5244.445 -3008.618 4.2674 4
5256.265 -3008.718 6.58478 4
5264.155 -3008.688 7.95577 4
5272.055 -3008.688 9.23019 4
5282.075 -3008.908 10.7766 4
5286.485 -3008.908 11.3781 4
5291.535 -3008.918 12.0881 4
5295.595 -3008.928 12.6959 0
5308.305 -3008.658 14.6478 0
5337.355 -3008.628 19.1625 0
5363.035 -3008.678 22.9823 0
5383.545 -3008.648 25.8314 0
5404.015 -3008.658 28.4384 0
5415.045 -3008.618 29.7993 0
5427.565 -3008.678 31.2089 0
5438.565 -3008.648 32.3456 0
5449.035 -3008.518 33.3295 0
5456.375 -3008.508 33.9409 0
5469.495 -3008.489 34.9003 0
5477.925 -3008.448 35.4331 0
5485.275 -3008.489 35.8686 0
5493.145 -3008.508 36.249 0
5501.605 -3008.578 36.6529 0
5519.395 -3008.798 37.3741 0
5532.205 -3008.888 37.7549 0
5545.145 -3008.948 37.9048 0
5557.905 -3009.048 38.0811 0
5570.185 -3009.018 38.2134 0
5581.715 -3008.958 38.2696 0
5591.685 -3008.998 38.2891 0
5603.985 -3009.038 38.274 0
5616.765 -3009.058 38.2281 0
5629.795 -3009.058 38.1563 0
5642.485 -3009.008 38.0533 0
5654.755 -3008.989 37.9576 0
5666.305 -3009.078 37.8389 0
5682.825 -3009.128 37.6685 0
5690.815 -3009.078 37.5889 0
5701.145 -3009.058 37.5015 0
5709.235 -3009.058 37.4271 0
5727.565 -3009.158 37.2728 0
5743.395 -3009.138 37.1595 0
5759.155 -3009.118 37.0652 0
5785.455 -3009.088 36.659 0
5803.975 -3009.128 36.3638 0
5819.735 -3009.138 36.0462 0
5835.595 -3009.178 35.6915 0
5853.955 -3009.048 35.2964 0
5874.935 -3009.078 34.9542 0
5891.805 -3009.168 34.7943 0
5914.545 -3009.108 34.5098 0
5941.565 -3009.018 34.2044 0
5949.685 -3009.038 34.1473 0
5960.666 -3009.058 34.0677 0
5967.625 -3009.088 34.0125 0
5980.005 -3009.048 33.9236 0
5997.975 -3008.998 33.8582 0
6012.455 -3009.048 33.8218 0
6030.135 -3009.058 33.7792 0
6043.375 -3009.008 33.5931 0
6050.885 -3009.038 33.4864 0
6064.105 -3008.478 33.5011 0
6076.916 -3007.398 33.6231 0
6083.205 -3006.779 33.775 0
6089.535 -3005.888 33.9281 0
6095.666 -3005.378 34.1432 0
6101.775 -3005.398 34.3089 0
6105.025 -3005.708 34.4488 0
6112.755 -3006.908 34.7989 0
6117.525 -3008.218 35.12 0
6121.515 -3009.428 35.4242 0
6125.135 -3010.978 35.7467 0
6128.455 -3012.748 36.0819 0
6131.405 -3014.718 36.4183 0
6134.225 -3017.048 36.7799 0
6136.685 -3019.148 37.1068 0
6139.045 -3021.578 37.4493 0
6141.065 -3024.128 37.773 0
6142.895 -3026.788 38.0843 0
6144.725 -3029.898 38.3983 0
6146.275 -3033.468 38.6817 0
6147.335 -3036.348 38.8727 0
6148.275 -3039.418 39.046 0
6148.955 -3042.398 39.193 0
6149.305 -3044.898 39.3097 0
6149.666 -3052.989 39.5865 0
6149.735 -3060.848 39.774 0
6149.775 -3070.768 39.9493 0
6149.635 -3080.648 40.0755 0
6149.515 -3090.658 40.1732 0
6149.365 -3103.218 40.274 0
6149.416 -3115.739 40.2813 0
6149.425 -3135.718 39.9452 0
6149.405 -3148.178 39.5514 0
6149.375 -3163.148 38.9027 0
6149.315 -3175.628 38.223 0
6149.405 -3193.088 36.9371 0
6149.425 -3203.008 35.9564 0
6149.416 -3220.418 34.3082 0
6149.395 -3237.908 33.1859 0
6149.395 -3255.428 32.6883 0
6149.485 -3275.468 32.389 0
6149.416 -3290.448 32.1251 0
6149.416 -3300.438 31.92 0
6149.385 -3307.928 31.7508 0
6149.345 -3323.968 31.3546 0
6148.015 -3329.688 31.624 0
